
%%%%%%%%%%%%%%%%%%%%%%%%%%%%% point groups  %%%%%%%%%%%%%%%%%%%%%%%%

PG_names = {'1: 1', '2: -1', '3: 2', '4: m','5: 2/m', '6: 222','7: mm2','8: mmm', ...
   '9: 4', '10: -4', '11: 4/m','12: 422','13: 4mm','14: -42m','15:4/mmm', '16: 3', ...
  '17: -3', '18: 32', '19: 3m','20: -3m','21: 6','22: -6','23:  6/m', '24:  622',...
  '25: 6mm', '26: -6m2', '27: 6/mmm','28: 23', '29: m3','30: 432','31: -43m','32: m-3m'};

Q = cell(1,32);

%%%%%%%%%%%%%%%%%%%%%%%%%%%%% generated from EMSOFT utility program EMeqvrot %%%%%%%%%%%%%%%%%%%%%%%%

Q{1} = [1.0000000000000000        0.0000000000000000        0.0000000000000000        0.0000000000000000];

Q{2} = Q{1}; 

Q{3} = [1.0000000000000000        0.0000000000000000        0.0000000000000000        0.0000000000000000;
      0.0000000000000000        0.0000000000000000        1.0000000000000000        0.0000000000000000];
  
Q{4} = Q{1};
Q{5} = Q{3};
Q{6} = Q{3};
Q{7} = Q{3}; 

Q{8} = [1.0000000000000000        0.0000000000000000        0.0000000000000000        0.0000000000000000;
        0.0000000000000000        1.0000000000000000        0.0000000000000000        0.0000000000000000;
        0.0000000000000000        0.0000000000000000        1.0000000000000000        0.0000000000000000;
        0.0000000000000000        0.0000000000000000        0.0000000000000000        1.0000000000000000];

Q{9} = [1.0000000000000000        0.0000000000000000        0.0000000000000000        0.0000000000000000;
        0.0000000000000000        0.0000000000000000        0.0000000000000000        1.0000000000000000;
        0.70710678118654757        0.0000000000000000        0.0000000000000000       0.70710678118654757;
        0.70710678118654757        0.0000000000000000        0.0000000000000000      -0.70710678118654757];
    
Q{10} = Q{9};

Q{11} = Q{9};

Q{12} = [1.0000000000000000        0.0000000000000000        0.0000000000000000        0.0000000000000000;
         0.0000000000000000        0.0000000000000000        0.0000000000000000        1.0000000000000000;
         0.70710678118654757        0.0000000000000000        0.0000000000000000       0.70710678118654757;
         0.70710678118654757        0.0000000000000000        0.0000000000000000      -0.70710678118654757;
         0.0000000000000000        1.0000000000000000        0.0000000000000000        0.0000000000000000;
         0.0000000000000000        0.0000000000000000        1.0000000000000000        0.0000000000000000;
         0.0000000000000000       0.70710678118654757       0.70710678118654757        0.0000000000000000;
         0.0000000000000000      -0.70710678118654757       0.70710678118654757        0.0000000000000000];

Q{13} = Q{9};

Q{14} = Q{8};

Q{15} = Q{12};

Q{16} = [1.0000000000000000        0.0000000000000000        0.0000000000000000        0.0000000000000000;
  0.50000000000000000        0.0000000000000000        0.0000000000000000       0.86602540378443860;
 -0.50000000000000000        0.0000000000000000        0.0000000000000000       0.86602540378443860];

Q{17} = Q{16};

Q{18} = [1.0000000000000000        0.0000000000000000        0.0000000000000000        0.0000000000000000;
  0.50000000000000000        0.0000000000000000        0.0000000000000000       0.86602540378443860;
 -0.50000000000000000        0.0000000000000000        0.0000000000000000       0.86602540378443860;
   0.0000000000000000        1.0000000000000000        0.0000000000000000        0.0000000000000000;
   0.0000000000000000       0.50000000000000000       0.86602540378443860        0.0000000000000000;
   0.0000000000000000      -0.50000000000000000       0.86602540378443860        0.0000000000000000];

Q{19} = Q{16};

Q{20} = [1.0000000000000000        0.0000000000000000        0.0000000000000000        0.0000000000000000;
  0.50000000000000000        0.0000000000000000        0.0000000000000000       0.86602540378443860;
 -0.50000000000000000        0.0000000000000000        0.0000000000000000       0.86602540378443860;
   0.0000000000000000        1.0000000000000000        0.0000000000000000        0.0000000000000000;
   0.0000000000000000       0.50000000000000000       0.86602540378443860        0.0000000000000000;
   0.0000000000000000      -0.50000000000000000       0.86602540378443860        0.0000000000000000];

Q{21} = [1.0000000000000000        0.0000000000000000        0.0000000000000000        0.0000000000000000;
  0.86602540378443860        0.0000000000000000        0.0000000000000000       0.50000000000000000;
  0.50000000000000000        0.0000000000000000        0.0000000000000000       0.86602540378443860;
   0.0000000000000000        0.0000000000000000        0.0000000000000000        1.0000000000000000;
 -0.50000000000000000        0.0000000000000000        0.0000000000000000       0.86602540378443860;
 -0.86602540378443860        0.0000000000000000        0.0000000000000000       0.50000000000000000];

Q{22} = Q{21};
Q{23} = Q{21};
Q{24} = [1.0000000000000000        0.0000000000000000        0.0000000000000000        0.0000000000000000;
  0.86602540378443860        0.0000000000000000        0.0000000000000000       0.50000000000000000;
  0.50000000000000000        0.0000000000000000        0.0000000000000000       0.86602540378443860;
   0.0000000000000000        0.0000000000000000        0.0000000000000000        1.0000000000000000;
 -0.50000000000000000        0.0000000000000000        0.0000000000000000       0.86602540378443860;
 -0.86602540378443860        0.0000000000000000        0.0000000000000000       0.50000000000000000;
   0.0000000000000000        1.0000000000000000        0.0000000000000000        0.0000000000000000;
   0.0000000000000000       0.86602540378443860       0.50000000000000000        0.0000000000000000;
   0.0000000000000000       0.50000000000000000       0.86602540378443860        0.0000000000000000;
   0.0000000000000000        0.0000000000000000        1.0000000000000000        0.0000000000000000;
   0.0000000000000000      -0.50000000000000000       0.86602540378443860        0.0000000000000000;
   0.0000000000000000      -0.86602540378443860       0.50000000000000000        0.0000000000000000];

Q{25} = Q{21};
Q{26} = Q{21};
Q{27} = Q{24};
Q{28} = [1.0000000000000000        0.0000000000000000        0.0000000000000000        0.0000000000000000;
   0.0000000000000000        1.0000000000000000        0.0000000000000000        0.0000000000000000;
   0.0000000000000000        0.0000000000000000        1.0000000000000000        0.0000000000000000;
   0.0000000000000000        0.0000000000000000        0.0000000000000000        1.0000000000000000;
  0.50000000000000000       0.50000000000000000       0.50000000000000000       0.50000000000000000;
  0.50000000000000000      -0.50000000000000000      -0.50000000000000000      -0.50000000000000000;
  0.50000000000000000       0.50000000000000000      -0.50000000000000000       0.50000000000000000;
  0.50000000000000000      -0.50000000000000000       0.50000000000000000      -0.50000000000000000;
  0.50000000000000000      -0.50000000000000000       0.50000000000000000       0.50000000000000000;
  0.50000000000000000       0.50000000000000000      -0.50000000000000000      -0.50000000000000000;
  0.50000000000000000      -0.50000000000000000      -0.50000000000000000       0.50000000000000000;
  0.50000000000000000       0.50000000000000000       0.50000000000000000      -0.50000000000000000];

Q{29} = Q{28};
     
